[experiment.jpg]
filters=crop64=1,402239ff7fd2aa;fill=1,0.439252;fill=1,0.261682;
crop=rect64(402239ff7fd2aa)
moddate=0000415edcd00000
width=1024
height=576
text=6;142;10;ersonawiz ;Bleeding Cowboys;0.373835,0.236115,0.137847,0.000000;v1,4294967295,4293454056,128.000000,1.000000,0.065421,0.906250,400,0,49152;;132;1;P;Bleeding Cowboys;0.326319,0.188437,0.182292,0.000000;v1,4294967295,4293454056,128.000000,1.000000,0.000000,0.886719,700,0,49152;;160;29;Copyright (c) Personawiz 2014;Times New Roman;0.025823,0.768017,0.022975,0.000000;v1,4293454056,4293454056,128.000000,1.000000,0.000000,0.886719,700,0,49152;;148;17;Personality Tests;Times New Roman;0.427735,0.421877,0.049778,0.000000;v1,4294967295,4293454056,128.000000,1.000000,0.327103,0.906250,400,2,49152;;146;15;Know Yourself .;Times New Roman;0.460563,0.537912,0.034462,0.000000;v1,4294967295,4293454056,128.000000,1.000000,0.250000,1.000000,400,2,49152;;149;18;www.personawiz.biz;Times New Roman;0.442383,0.689236,0.034462,0.000000;v1,4294967295,4293454056,128.000000,1.000000,0.250000,1.000000,400,2,49152;;
textactive=1
